0.000 0.459 0.567 0.490 0.546 0.489 0.311 0.559 0.495 0.320
0.459 0.000 0.644 0.472 0.644 0.622 0.557 0.653 0.610 0.300
0.567 0.644 0.000 0.662 0.612 0.310 0.470 0.592 0.554 0.627
0.490 0.472 0.662 0.000 0.665 0.627 0.591 0.628 0.632 0.310
0.546 0.644 0.612 0.665 0.000 0.536 0.449 0.453 0.291 0.596
0.489 0.622 0.310 0.627 0.536 0.000 0.306 0.543 0.461 0.577
0.311 0.557 0.470 0.591 0.449 0.306 0.000 0.464 0.316 0.478
0.559 0.653 0.592 0.628 0.453 0.543 0.464 0.000 0.302 0.611
0.495 0.610 0.554 0.632 0.291 0.461 0.316 0.302 0.000 0.560
0.320 0.300 0.627 0.310 0.596 0.577 0.478 0.611 0.560 0.000
